--------------------
Cycle:1	176	136	ADDI	2	0	3


Registers
R00	1	3	0	0	12	4	0
R08	0	0	0	0	0	0	0
R16	0	0	0	0	0	0	0
R24	0	0	0	0	0	0	0
Data

14	-3	1	2	4	-4	10	7
22	1	0	-1	1	-1	0	0

--------------------
Cycle:2	176	136	ADDI	2	0	3


Registers
R00	2	3	0	0	12	8	0
R08	0	0	0	0	0	0	0
R16	0	0	0	0	0	0	0
R24	0	0	0	0	0	0	0
Data

14	-3	1	2	4	-4	10	7
22	1	0	-1	1	-1	0	0

--------------------
Cycle:3	176	136	ADDI	2	0	3


Registers
R00	3	3	0	0	12	12	0
R08	0	0	0	0	0	0	0
R16	0	0	0	0	0	0	0
R24	0	0	0	0	0	0	0
Data

14	-3	1	2	4	-4	10	7
22	1	0	-1	1	-1	0	0

